12345
12354
12435
12453
12543
12534
13245
13254
13425
13452
13542
13524
14325
14352
14235
14253
14523
14532
15342
15324
15432
15423
15243
15234
21345
21354
21435
21453
21543
21534
23145
23154
23415
23451
23541
23514
24315
24351
24135
24153
24513
24531
25341
25314
25431
25413
25143
25134
32145
32154
32415
32451
32541
32514
31245
31254
31425
31452
31542
31524
34125
34152
34215
34251
34521
34512
35142
35124
35412
35421
35241
35214
42315
42351
42135
42153
42513
42531
43215
43251
43125
43152
43512
43521
41325
41352
41235
41253
41523
41532
45312
45321
45132
45123
45213
45231
52341
52314
52431
52413
52143
52134
53241
53214
53421
53412
53142
53124
54321
54312
54231
54213
54123
54132
51342
51324
51432
51423
51243
51234